6907
8400
1196
9817
3371
4581
5231
144
9454
4
3828
2245
7145
3022
459
2074
6777
3742
5773
9633
3907
1777
4480
8404
470
1774
2544
3689
3129
276
1505
7708
4997
6894
1295
3479
9832
4071
783
4433
7567
1347
613
2261
9992
7449
9068
9224
3695
440
9915
9317
7824
924
7751
3176
5126
3773
5418
7839
1464
6055
7603
6717
609
3661
7138
8157
962
3972
1653
4537
7676
388
1059
9171
509
2565
2084
9502
8392
3903
5324
6160
3304
2269
9846
7744
4724
2990
7407
477
92
5141
4449
4340
1580
500
6543
7107
3390
6617
2149
3614
1172
622
5475
1979
8505
3487
6651
9185
3744
987
8060
5515
4852
1296
7111
2853
1120
1508
4741
2336
1907
4835
9187
4118
4922
8606
7180
267
3500
9760
6170
4494
2889
4763
3372
4631
7490
3147
3179
8506
6250
9898
9698
1168
3747
5546
9806
1212
2975
9796
9387
1025
7817
121
9807
9596
3988
5338
2424
3943
7349
3743
1511
1242
8857
398
7281
1740
1692
6190
5476
2786
3081
1008
1547
9553
7636
572
6925
1348
1823
2206
4964
4984
2592
9706
3470
6445
70
8169
4386
4505
5191
8944
2861
1771
4888
3405
9779
7491
7681
3426
5566
6887
6433
3152
349
246
6002
7957
8
50
2479
4130
9432
2949
3818
5833
8517
729
8125
659
6382
3077
2365
1638
7707
9000
1078
8662
4742
7675
4556
3124
5016
6095
2078
2392
674
9260
7280
7044
5389
5555
484
8539
7002
6824
2898
9060
6811
3704
4876
4811
6839
1808
2772
7903
5998
5597
1375
3729
3080
4627
4916
5169
3367
8750
8264
5896
9215
4201
5867
3311
4889
9460
6778
3883
7269
3772
8412
2909
8082
3728
1885
6521
8980
8441
6339
780
3897
992
8171
5374
5961
1631
8176
8984
4977
2828
6609
6103
9881
9348
5534
5168
4158
9027
7939
7849
3979
6365
8070
8513
6852
7238
2040
1843
129
2462
570
722
2167
2238
1315
8963
3245
7123
3823
2397
2178
172
7427
5222
218
8022
8707
4629
8610
7472
1975
8017
4159
115
152
2997
3658
8651
517
3935
7722
6419
9841
7457
5804
8558
6615
4801
4416
9411
9347
6299
3738
9399
6220
9844
6341
6699
7703
5725
1645
4933
3837
3554
75
8853
4982
1487
669
4156
2741
8875
271
7564
8313
5661
7423
2826
7131
8948
5775
7283
5947
6711
8533
3915
4540
8570
3189
5850
1957
83
6818
1016
7748
3260
1666
5940
7549
7272
3756
3525
4899
1563
2952
5988
8450
6462
2726
8107
1742
7295
3480
1062
6443
5170
867
6397
4211
3284
8987
1673
1269
9995
5003
4027
631
4862
6156
460
584
6172
963
4307
3504
8179
8459
1676
8316
6828
9711
6320
825
3435
3967
7693
4963
9616
1032
4083
7382
969
4090
251
4163
7357
4301
2454
9097
9993
3011
1626
4734
9666
6649
1988
2529
8640
4415
2118
7094
5792
6612
9496
4506
1207
4224
3670
9536
1276
4271
2938
6300
3118
2750
8799
3899
9420
4410
600
2072
7689
8758
9028
9082
7359
4953
8678
6610
9862
789
2490
7221
4509
6904
1171
3206
7776
6381
3981
5866
9196
6166
3349
910
3549
8106
9123
583
7752
7052
6146
7922
1605
9346
837
2298
3501
764
6494
6275
2394
6036
3803
838
2818
826
5264
4745
7802
8197
2655
8572
1257
5108
3514
3
8310
1033
9168
2885
5425
849
5647
9133
699
665
6092
5371
1233
3420
7746
7113
5452
9691
1346
8446
8072
3473
9152
7972
3995
2115
1492
1593
1234
3237
7450
2475
4190
4424
2427
3593
9595
7008
1410
6861
1657
2174
4523
3848
8020
6423
1671
6769
4798
6554
9880
1946
8738
5573
7804
3927
9277
1188
5032
6656
8351
6265
7880
7984
131
1486
2534
1322
5383
2998
7393
5369
7188
1344
2910
8907
9499
6284
1961
5012
3534
9192
6173
7142
2985
792
7710
8635
1149
8137
7097
2866
9733
2415
6454
3627
1711
3275
4917
2065
4730
7023
1600
9964
6101
4382
8359
1419
6884
2770
9245
1800
5501
598
8483
5851
9076
2363
2090
2804
8453
7420
9353
7578
4608
8670
1567
4781
2989
9709
4049
6230
8047
1370
2788
3792
5712
5136
8476
9416
9164
8110
5974
7915
2291
3538
7568
9343
580
5882
7147
937
2276
9113
3582
9447
1445
798
6179
3898
2377
977
565
335
310
7103
5067
2905
8325
8622
8938
1623
5897
3795
5714
8323
9575
6413
4951
7312
5013
998
2854
874
9122
7506
9040
234
9268
3969
4707
2434
3802
3541
2419
6974
5365
5499
5625
7517
1798
5366
2219
973
5780
1857
3154
2791
3387
2080
8574
7521
6573
6789
3217
9379
8597
4542
7388
6522
9562
3309
8996
2241
5156
5323
1095
594
1210
6953
8439
4670
5637
2338
7619
8919
1433
9535
5321
7668
1359
1085
2669
3916
9089
13
4890
6634
6726
4908
7501
6655
6873
6928
988
9466
6134
7465
7181
3630
1038
3178
8140
7533
1785
6600
7896
2748
7047
7461
2417
3753
1753
9125
4652
2972
786
6096
7692
5120
9650
2844
9457
9655
7187
2302
348
871
9044
9382
8308
9216
3949
1674
6392
7884
5056
3458
689
4217
4179
7800
9
7719
9989
9934
6016
1579
753
1599
5063
2060
4513
5852
9700
8808
81
6356
3161
9104
502
479
1848
5133
2161
4172
4571
71
4959
7267
1289
548
7417
369
7587
6104
6031
8872
2331
2694
1089
4048
9571
2201
4956
6177
5199
9572
1185
6398
6241
148
4490
5646
7279
5333
3852
8767
5577
1499
6563
4638
3904
4797
4572
5463
7130
2994
2487
893
1755
3308
1030
4313
336
2411
2440
1292
534
4486
8644
7400
3762
6223
8961
492
4247
6367
5317
9820
4960
6296
3141
3450
9106
232
5138
4479
9402
57
8770
260
2961
5579
7821
1724
4749
1523
1028
1111
7526
3249
2109
8185
9232
2190
9515
614
1132
5098
3623
7795
1962
5601
5510
4681
3451
189
9791
5385
6579
1134
3144
6435
6506
1255
5408
7308
9050
9205
4720
9593
3334
1805
9975
3252
7302
9970
540
7411
543
380
4070
6952
8889
4297
6558
242
3584
7003
8455
6626
2702
1013
6771
7999
7598
7353
7471
7968
266
7084
4632
3537
9199
5620
3158
7364
2125
1356
73
996
3231
5212
1594
7511
9589
7893
3626
2443
4932
370
9677
3891
6228
5581
6371
6589
343
2378
8778
1531
3782
9773
1047
4124
5316
7042
1864
6975
1157
8252
7887
976
9223
6825
2153
5857
8208
604
578
770
8031
6064
4617
2746
38
7851
2352
9459
1855
5176
5081
9414
7496
5894
8288
7740
401
8253
2439
4333
2722
929
5283
274
217
6591
6115
2064
6247
5756
4646
2689
7561
229
5282
7405
7387
3137
105
3702
3133
4204
8807
9021
587
2169
4077
8865
6151
450
5807
2136
9136
8102
4766
1389
1052
6067
1310
6406
3244
4404
4650
8013
4642
8408
9778
5036
9310
350
1817
7305
1227
4907
1006
4412
3046
3310
6691
4582
8986
6337
7371
2887
2742
3037
3612
5927
2657
8737
1803
4987
9829
5874
2763
9366
8636
2051
1349
481
361
2514
3843
9612
2357
6842
5594
4468
9361
8420
301
8532
9839
8970
983
8631
4197
7082
7949
7828
5800
6661
7424
952
1241
5946
89
2323
7529
4872
7368
1225
1041
2586
2907
8429
244
6076
4454
5665
4427
185
1959
9262
4849
2449
1105
6503
7165
48
8860
1658
9802
9879
7508
4126
2584
9465
2009
8641
2290
5578
1150
2
8492
7856
7897
7224
114
1309
535
5489
8328
5822
2558
8209
5759
824
34
5786
6305
2624
5981
4434
2448
7696
5320
9297
6018
6044
6948
5252
9448
4314
6099
295
5487
3872
7100
3703
1323
8424
3577
3974
8365
390
7755
9025
3443
1578
8383
7571
9461
7018
3089
1429
5062
9426
9159
7228
4202
9092
4884
9441
1303
7812
2933
6473
9598
9064
6448
6525
8448
6968
2066
1993
5223
911
954
2207
4557
12
3441
8950
2435
6034
6949
8115
1058
9795
5868
7729
4343
367
8303
2374
1562
3060
6217
4421
238
9255
2900
4023
8741
8880
2320
9464
6071
1871
7253
7730
9314
4087
6415
652
8690
1392
4686
2625
5626
5469
4596
5944
776
3285
2218
7576
8311
5043
4954
9500
800
3532
7928
4484
9230
9280
2229
2679
5381
6653
7846
5892
5879
9777
5779
9974
995
4467
5280
6901
191
4425
3213
33
1901
1743
9296
5636
8515
3429
5233
3015
8832
575
5439
4520
9145
4772
9914
6401
3051
9313
9308
5060
5230
1614
4358
9729
6621
7015
9368
8495
2713
4839
8625
3328
5455
9739
1428
9979
3078
3187
3970
7373
2613
8425
7825
1287
8166
1550
7658
5074
9781
3268
180
8059
1725
539
4236
5854
3726
3669
63
6463
9437
2155
2200
6827
7173
9836
8540
4668
8584
4471
4174
831
4089
4050
7547
4053
3770
7219
5134
337
1633
1640
1517
6956
8318
9620
7976
8320
1956
4737
9375
5941
5172
3810
7178
9859
366
2551
2119
1402
3596
8111
1482
2097
1512
2268
3104
623
4079
6892
2496
8567
2577
2980
6334
6253
8002
3511
4760
3261
1036
5290
2165
137
7500
9477
6390
5954
1046
2987
3929
707
7631
4996
6219
7797
1613
9311
1079
1704
2598
4324
4218
1307
3218
3940
6679
3827
4909
6963
4245
7164
3991
2409
9034
7641
9608
7117
1834
6072
5666
47
7250
1688
9520
8891
6349
1504
9428
6326
9352
961
9038
283
8163
6438
182
3983
227
9093
7861
4988
4576
2288
9764
6163
7026
8435
176
7777
1378
2131
4168
2267
4014
3109
4950
4756
2550
7596
9674
2699
981
1557
2226
6897
7848
3544
5237
9522
3598
2966
3314
4515
1791
4233
1107
4518
4265
5200
9801
9569
6625
4432
5308
1135
7674
7600
528
8747
9948
5876
5591
7712
9492
406
8100
8093
5124
6304
7965
4328
4941
7859
9874
629
7041
7632
6426
3006
5417
5993
750
4927
8312
8256
448
6277
4356
5174
9079
3326
2731
6514
2852
1026
2785
3896
7569
2330
6362
5545
3599
6530
6355
6354
7553
7073
6294
4122
8557
845
3734
3364
5767
1044
4317
6429
7428
3783
3997
6704
3362
9736
1161
3102
8422
5710
9390
8866
5102
1904
3993
2631
6740
5203
2736
8718
9252
5856
5524
3777
8824
7570
1328
5967
595
720
6050
705
1766
5258
4861
8241
6857
6210
9749
5196
5128
6915
2668
746
4602
8798
8879
950
6923
1274
1395
6348
255
1155
4447
1456
8552
333
1256
1995
795
7953
3523
8307
8363
6182
9984
7099
7580
6446
588
653
3483
8855
3559
554
8605
3409
9322
2108
9005
6520
8899
1261
9429
8559
1933
395
697
8736
5818
9769
4441
8449
700
5878
8579
869
5871
396
8679
4622
8556
2587
823
2559
9298
2182
9609
1541
7262
813
3813
4869
9567
213
4789
914
1074
1839
6458
2639
9788
7834
905
4460
9884
9265
2384
6133
4643
6722
1659
5370
7672
3694
6816
3921
278
4306
9721
2251
2260
8784
30
6891
2927
6832
8787
9627
5397
8275
3638
9489
4109
5002
942
5090
8587
8927
6093
6681
856
7356
851
2537
2002
6399
6074
2253
6566
9812
3601
4492
5655
9400
3376
5110
2085
4327
8331
1689
8198
6206
2162
2756
1678
4679
9828
1696
2929
6826
6418
7273
1964
6979
1267
1816
8009
5691
3834
9696
3833
4817
3880
8528
2705
9868
5602
9665
9256
9899
4926
549
4674
7895
8989
4827
8803
1890
6546
7663
7860
6125
9775
422
4397
8219
2541
5772
9055
9148
8661
2370
9242
4636
562
5836
2976
1182
2036
5563
7655
6058
2737
8447
5362
7705
9358
3471
5080
9909
6937
5024
6428
5480
6256
3895
4196
794
1806
1926
3044
3831
9855
3568
3519
7652
8772
8168
4655
8902
9369
591
7479
8339
4101
8257
4969
2361
2894
3545
160
28
8159
940
8947
3961
2379
7174
5447
2284
2046
7507
3563
508
5448
9419
423
7998
1882
3099
4290
3427
7091
1291
5045
9291
4448
5046
7908
6941
4980
9514
3842
7993
9330
7951
363
6466
1383
5906
5004
1734
1146
538
9321
5745
8637
2081
3653
1070
866
3172
3156
926
3453
706
4633
536
5183
9652
2872
2326
597
4845
3901
7527
3716
2189
9790
9452
2528
3075
5505
4823
3809
113
4552
3543
2609
6582
6844
1245
5014
779
9878
4138
6083
5996
2560
4771
8127
1160
902
6467
7585
327
8043
9463
6511
518
2354
9910
8095
4438
4098
5614
3778
9378
78
4656
9135
4735
5660
6073
4145
8247
6628
1000
9825
8724
4206
9668
5942
9517
1538
2792
4074
7182
5411
6542
3164
9501
9047
7212
219
3580
4659
907
7916
3690
4456
5234
5460
7229
1037
6690
2344
7171
9290
1305
903
1627
2404
890
3720
5275
2579
5587
5709
9160
1782
6368
6088
730
541
6143
5167
4593
8852
5751
7604
1776
1119
820
5180
471
8674
3175
8993
4507
5424
4293
7869
7531
710
3517
9154
3434
1525
7239
6234
4203
9357
6663
4610
4550
5735
1570
6997
9854
8729
868
9316
1763
3751
6620
6764
6127
2423
3360
2334
7265
4264
7260
452
2270
1702
4234
6654
3800
9362
1712
1054
7584
4423
2277
2654
8153
6774
4092
4148
1436
9237
7790
8352
1796
8649
3146
2043
3007
3116
7914
6762
1721
5699
8554
5008
347
9886
8721
1710
1399
8346
9724
9864
8152
3323
5349
7058
1554
2943
4778
7917
9564
4791
636
1835
4752
4912
8471
2048
5877
8433
4512
5797
3932
7459
9140
6989
2196
6287
4765
6982
1088
814
9149
9415
7307
5393
4836
5787
1018
9355
9784
7614
1139
1021
9533
6863
1529
5015
5307
5595
4718
676
1181
5441
7590
3277
9911
909
5572
3336
559
3634
221
921
4685
9478
6527
7378
3857
5380
6107
1382
7455
8795
5005
193
1677
9821
9718
3693
117
9384
1799
5766
2321
5863
3574
4242
6351
1874
4739
7627
7211
8992
787
6823
3289
933
5100
8510
855
6678
4891
3024
9241
7502
2067
2600
9481
6606
7144
886
1189
8711
4352
4387
7440
4856
3353
4213
7376
4093
134
3761
6353
7128
2483
9987
1909
2935
8838
5707
525
8802
6267
435
6920
5762
2061
9276
3804
9403
7852
9671
2175
3922
8245
4100
8859
9130
8801
9080
1781
4966
6279
1984
3913
3495
1113
2058
5924
3332
7721
6194
8123
1822
1619
5722
2139
3225
6734
1905
7469
1527
2594
9664
6039
602
7275
3784
9568
3009
2258
8680
7645
2931
4843
9800
6990
2539
5613
9270
8839
4262
103
1316
7159
5364
7690
2093
7541
1649
2193
91
7826
618
9963
175
9743
8876
2371
918
6394
7005
3556
2159
3924
3830
5236
9046
490
5288
4938
2248
3203
6719
5165
8701
7341
8991
5971
984
7154
286
5969
8235
1065
957
5101
6098
9961
9312
7336
8460
4483
1288
7716
5913
1879
3510
8527
7563
158
7592
3882
504
3159
9009
3321
4359
4740
6500
4097
3950
9928
9969
5437
4414
8568
3330
8210
6958
7032
5265
8544
1491
6644
4934
4149
2662
315
9962
9856
1285
5945
1643
8299
9410
1455
7697
3027
3258
2499
4279
6137
5291
7022
4289
318
1695
2738
1813
7310
8536
5888
4824
478
1082
7220
4580
6528
3766
7197
9762
3600
3195
2725
7515
1851
9208
2044
740
627
762
1728
3647
9442
6970
3039
1019
3794
2974
8845
9563
2543
1795
7559
1131
1320
5028
651
4435
8332
6363
900
155
3740
4802
3992
5813
1401
1732
3628
6042
6416
9667
2403
8330
1507
6112
809
9293
3112
8541
677
9591
2709
5105
6295
906
8939
7317
728
1838
3835
6821
4406
4311
3119
8730
8681
7451
2031
6556
8364
8896
1779
6119
9966
5663
2549
3735
6636
7931
7259
655
345
7637
9937
6713
7892
6741
6252
5416
4671
4970
346
4364
4237
2637
9354
5902
840
4986
2491
4881
6964
5179
4590
6335
8479
9811
3343
1556
4892
6538
2059
5717
8959
2259
8382
7322
7025
4015
5497
4786
9550
2849
3391
9213
3791
5621
971
7920
9626
3342
3049
3486
5276
8397
2992
6030
8775
7202
3722
3526
5643
7190
3054
9757
2232
2782
4120
5950
9834
6552
3668
859
3138
9049
6550
9002
8598
7045
5375
1124
8116
9240
4877
6285
9398
7666
852
5635
2721
466
5261
687
8942
4291
567
3925
3235
1096
2628
4535
199
8319
5648
2814
7009
8608
9300
488
715
974
915
8048
2536
2385
3222
7172
4902
650
9521
3467
4024
5917
5253
6505
7635
3047
8150
7333
6136
8358
6069
2911
2664
4063
9431
2198
9699
505
641
896
65
4176
5819
2762
6111
8796
5605
2013
5525
6633
2701
2307
9643
3714
1573
2700
1086
1819
1080
2195
3403
8457
8609
4267
1300
3806
4417
9702
8104
9161
1213
7823
3687
2003
9883
1108
6091
9509
5899
1608
8529
3350
9587
7323
9819
8727
8722
1720
201
647
8777
1943
4879
4698
447
2426
7816
7485
2511
1609
9716
382
2561
2171
5964
4051
3572
1558
5130
4458
2168
9207
5078
4928
3685
5811
944
431
9335
415
2774
1524
2422
263
9163
2252
7558
1450
4270
8271
3013
8196
4254
7053
6761
4944
6307
6732
2242
6753
1076
9349
7426
5886
2640
6721
895
7069
8561
7994
451
8161
166
4903
8978
7077
6795
6204
3951
5908
8145
1768
7930
8955
2501
7434
7713
1377
3725
7811
6743
1360
2386
3223
1911
3531
42
7599
8173
5885
2233
7421
7409
5070
1467
6330
4466
3082
6673
252
5216
9115
8071
6675
3215
7556
7907
7132
7700
9920
7328
307
8355
5315
8665
245
7039
7397
5114
5633
473
8691
2729
8138
4601
4773
8975
9070
5467
5187
4403
9267
2433
6516
9560
3602
844
6954
4250
342
5794
9063
2715
3769
5293
7205
1708
9917
1981
1922
7433
4282
2846
7762
3822
719
8180
6572
7937
6781
7114
4664
6756
4837
7557
2732
5299
1818
3610
3678
4388
6243
4380
507
4567
4008
5413
9573
7979
9870
6592
4039
6553
6453
4840
1496
8076
4047
5814
3946
835
1745
5488
2648
1321
7150
3361
332
2350
1050
576
8419
4499
6388
5368
8815
2469
2563
3557
1457
8997
5848
6718
6564
615
3256
5685
5889
153
3581
801
8336
5106
9875
5099
7470
3868
3565
675
6858
5508
6100
4553
3283
5144
79
4748
8139
1319
8156
2157
997
778
6877
3288
4385
5585
731
816
4431
3506
2497
2641
288
3347
1100
5208
3680
5027
4994
8771
2967
8894
5007
6834
5482
4721
4187
7444
7654
9487
6327
5470
3418
5009
7657
4709
7649
2970
6805
2642
7157
1836
1192
82
4302
9150
5204
373
1446
7850
198
6049
2210
4584
8417
1434
1416
6548
9545
4105
7758
4025
6524
5023
1480
1109
5668
3228
9614
6853
4141
2883
749
9831
2430
7810
2473
4579
7991
6533
760
7734
8910
6999
6927
3447
7970
4198
6585
7155
3246
1654
5219
846
3165
3615
6271
4767
1577
8530
6659
9468
4865
6994
3712
5657
6317
9690
8840
617
6819
5518
8760
2179
5741
5532
6608
1866
4374
3216
3149
2585
2140
1929
579
3798
2580
4759
1414
1831
6451
5962
8748
7798
9483
378
5641
1193
3193
5629
2016
6697
8615
7033
8238
356
2014
4654
7902
8789
3871
2380
1714
9183
3659
8474
5250
6373
9201
1325
9998
5201
1297
6187
6808
7983
2156
3787
6086
3851
5442
5049
7271
3079
6176
2965
1918
2231
7698
5659
1281
6229
8228
6154
9731
2856
7773
2682
1381
8088
7813
8664
7254
9324
2444
9936
815
8207
8195
6024
6706
1537
1198
4968
6456
1751
5995
6855
8871
408
9412
7509
9732
293
639
3272
3040
5050
9931
4292
3305
4517
5112
8652
2103
875
6430
7714
8684
5259
1636
7049
5551
3402
6032
7793
2335
5279
3153
8602
3651
585
5548
1637
1252
9146
3004
8697
5140
1388
110
6549
2199
5662
9340
9456
1121
723
1110
5903
9380
737
4719
8973
5391
6751
5268
6581
6737
7630
1007
497
4067
3163
9901
8151
9742
5610
485
6490
4536
5514
7226
2116
5228
717
4026
7945
2442
3197
3998
8488
8611
4241
5238
225
226
7029
3344
6874
3169
2126
8268
192
9119
1364
5450
4413
4349
7520
958
822
9946
3676
4799
7829
7304
3282
8837
9178
9062
4060
7858
9768
1472
181
5953
4207
7513
6289
5400
5020
7974
9258
9758
7987
4075
5355
7301
2142
3188
6288
4738
2498
458
1545
1894
880
2753
202
6929
4137
4882
494
5826
1005
6116
8294
4451
9606
2775
8849
4886
418
5082
5778
8694
1371
1270
5498
4578
8639
9383
5984
8368
55
703
8395
1840
9004
2813
9162
8531
6342
5528
5312
1902
6361
9012
8613
1733
5207
5650
392
1127
3057
5382
5095
2465
1394
948
7134
605
5319
2138
7257
1601
4188
9309
2304
3407
5440
8953
4568
4268
3241
2262
469
491
4812
1693
228
7443
858
8755
7339
127
3352
1849
4764
574
558
4999
359
9904
4288
9585
3558
9191
7715
7360
1469
6967
11
5985
1444
4157
5436
1265
2969
9629
1069
2054
5251
7133
108
2038
4998
5841
4395
5640
5914
1683
5347
1317
8464
3960
270
4134
8456
360
9849
3632
965
3513
7594
1954
6536
4744
9647
2934
1701
768
1473
7085
3008
2445
646
9682
6815
1056
6311
8522
8656
3870
1286
7203
8005
5423
4036
1460
3894
4286
6576
5531
6159
3475
4586
2346
6577
4541
5011
1592
8851
1200
5197
2467
6162
2612
5257
7769
6333
4606
2457
429
8234
9603
1258
5184
167
7057
5809
4353
1500
1999
4361
7616
6807
3478
2576
4692
8360
8375
7306
4215
9129
9261
371
9233
6666
8573
6412
5477
87
3963
5639
4276
7185
4073
2727
7537
8744
3357
4129
6674
6139
799
9217
9107
8109
4381
6867
6302
53
8026
8666
6686
7718
8909
1887
8342
6641
7112
4251
1386
7913
8756
6147
9543
6703
2957
1474
7480
1539
5433
7572
4545
3292
9081
4755
524
6523
5148
1670
5026
3338
8915
9072
3646
8029
8200
2714
7369
6043
8406
4993
5500
7739
6436
7354
3542
6383
5379
4363
4598
2979
3985
2220
1098
51
3616
2388
16
7524
5526
1750
438
3462
4921
7035
253
881
9014
5481
8226
6439
4255
673
5035
3502
9385
7108
9693
2134
5612
1690
7335
5916
3257
9231
5689
420
7030
6841
5030
3801
4863
8277
9840
4711
5600
1339
2359
4389
6402
220
2842
6876
2216
4030
8255
2256
6872
99
7213
8170
6431
5403
6441
2055
8526
7158
4459
785
8374
3551
5143
4832
9430
6017
3399
9526
8659
7952
7458
8191
6951
2337
1215
4813
5634
8914
8709
142
2369
9823
1166
3335
90
3105
7622
9586
5029
2225
5088
3416
1387
9770
1754
8589
6318
3135
2690
2185
3461
1772
5351
8146
8819
237
9857
2703
3092
8811
324
4045
7691
7124
5994
3527
9059
7639
568
2292
4983
630
4640
9271
9815
3465
5096
4076
5844
8172
6561
4140
6414
4167
9941
6078
8728
8484
5746
9305
1575
8004
9105
4228
3737
3373
8514
7391
3926
4117
362
5384
7601
124
6945
445
7176
5915
6472
8623
2035
9409
8757
5708
9645
5672
1020
8218
9544
1313
6082
211
1827
7327
6878
1259
2024
5094
1790
7985
6249
4666
8630
7408
2937
6493
5910
9531
4277
9681
1989
8892
2137
1564
1306
7723
5229
5242
6052
978
5395
3642
8581
6662
7638
1931
8547
3865
3688
7120
3724
2420
8380
8133
7096
3032
8349
5755
5965
4320
289
3984
3814
184
1546
1703
8594
4177
5843
1284
6983
8263
5592
3318
9814
4857
4630
3140
1334
2783
2522
3481
6786
2382
2660
8192
9847
3457
6583
9360
1447
7683
967
959
7988
5824
4866
2367
7728
6745
2790
3509
4822
3730
239
5693
2223
4710
6469
4033
1906
861
6752
9908
1002
7195
2962
7642
2071
4113
6255
4841
5123
8518
681
3262
1530
5109
6742
5373
9619
43
1341
1206
9200
1329
1253
9554
6312
5042
3755
8628
7059
1713
9942
1863
7412
3999
2239
830
4529
7017
6366
3648
4367
1249
8434
7629
5021
2502
4016
9903
1694
1335
8632
5891
9877
5586
2733
8354
4962
2780
6829
6314
7656
9510
4133
6174
3010
2322
2255
1403
9754
8972
1224
8956
4609
7380
9197
5571
4151
1656
1616
1783
5538
8829
4878
7297
7854
3713
1068
9833
3741
3023
4193
4695
3290
476
2914
5760
8251
194
9999
9184
2939
848
1535
5696
6605
7646
8454
7199
3071
878
8232
5776
4957
6003
1528
9972
8065
9165
2027
8122
3250
3489
5669
8881
6837
2977
5656
1488
2747
2913
399
1354
2830
9220
1812
9445
224
6517
2240
7285
9413
3091
2526
9546
9730
6378
8934
734
1097
1326
927
5893
195
9551
7794
2821
8282
5115
5703
8969
8863
5718
8085
9789
2505
9176
2745
6917
4948
1788
2555
8418
2477
4893
2902
4547
6372
3001
2466
8497
883
2646
8003
1534
882
2863
6509
4816
4034
7498
8905
9279
7000
3691
6057
7595
1152
6495
8686
3221
4818
3492
9922
863
35
9103
898
8542
5326
4753
7845
5520
6637
7287
683
4605
6969
1393
6700
4116
2841
7006
5339
411
1809
6749
1996
4407
3812
9493
331
8121
7921
9377
5468
3431
1880
1700
1205
5535
8940
7037
1748
130
1175
3329
5037
8773
433
3034
9381
2020
1
2366
8982
8143
8779
9151
2030
8274
6866
1501
5262
7933
8586
1583
7516
1494
4967
6013
4186
15
9066
606
4858
1787
2862
5350
5158
2446
8917
6148
6407
4390
8240
2589
9639
3841
5652
2633
3130
6396
5771
3273
8898
3727
2017
6481
7396
3240
9319
607
4688
7441
1293
1588
463
5367
8499
9776
1717
3485
3053
1896
8502
4257
6846
9338
1147
1423
1870
3711
6604
964
4453
4942
8415
6191
8545
8519
4974
4965
1462
2740
2951
8683
741
7163
3455
5451
2070
1936
7552
4491
4252
2815
3058
5113
1045
3594
4538
5194
7237
3093
6657
5734
7139
2616
7054
1584
3012
5727
9507
9195
4312
3785
5361
9826
1949
2940
2552
4472
3414
4371
4995
3512
9959
72
6584
299
3652
9204
3298
3070
6724
4409
920
6470
5171
2068
21
7046
5414
904
8463
7742
8051
32
982
8430
4266
5781
9949
7941
6972
7415
873
3114
626
9264
4508
410
6359
1199
4913
7236
7750
187
3667
6707
2381
8504
177
603
6618
4096
4875
4551
8682
3291
9792
1421
8562
7835
1077
7946
8284
1327
1650
2999
4185
2996
1264
9134
9780
5860
3121
560
2538
5491
7196
8822
3351
3425
1944
8078
7942
979
4164
6152
2062
8131
2429
5567
4864
9783
36
5453
188
8001
3604
3977
3123
3317
2881
9069
7034
3368
5682
8091
5883
755
2257
5704
4693
7289
3700
3028
7340
439
7929
7543
1302
6308
1278
6313
3914
5763
8370
4810
7535
4200
1634
5474
7206
2959
1602
2768
4378
3050
4657
5680
1591
7512
4946
7036
9513
2130
8752
9117
2925
6905
4058
6237
474
6005
759
3589
5341
4496
9209
1560
329
8212
8090
8790
2917
2296
8981
4925
9930
143
7337
5631
586
4607
6677
5931
4641
1892
62
1063
7146
4062
8548
7156
5553
791
6006
8437
5858
3436
1625
2764
985
1719
6272
1222
9685
7643
4275
3547
571
6865
7764
5266
3449
9406
2273
4394
1652
4867
306
8203
341
8021
3456
7680
4108
7724
3490
2734
8932
4259
8414
6725
3384
7650
1985
2602
4706
4634
1877
1948
4170
9020
9006
8702
7474
9741
8223
5295
3239
9434
9266
6011
6350
9229
7245
9045
3564
5654
7192
2474
6258
8193
5033
8039
2919
8828
9852
9167
9525
9469
5478
9952
9332
7247
8821
9071
9956
8224
6787
546
9953
4231
2635
8144
3065
1607
7954
8617
9350
1947
664
2204
6410
2973
9397
2716
3696
9529
8112
60
5328
6539
6059
2128
2272
2343
5175
8930
2626
5404
3108
9900
1201
7170
1140
5664
3692
3383
145
9663
8663
2661
9991
1919
9439
8867
9977
6352
6966
3074
1254
7701
3440
9351
7011
3780
1470
4804
4235
8369
2685
7609
3910
3636
2681
6000
702
1603
2825
5446
5670
2158
8101
7792
7209
40
2188
1412
3879
7442
4673
6822
9579
5738
4442
2015
8335
7367
1137
7626
4848
8094
4920
6496
6903
2485
2923
482
1071
5623
7346
1646
2604
8063
1093
5732
7633
8805
7682
1413
3482
6487
3665
6108
6478
8174
3996
827
2869
9919
1432
5263
4253
3002
1548
3432
6959
409
9907
5527
5561
775
1883
2222
6541
5875
3255
8014
6624
6222
6105
6988
2936
1090
8056
8390
3832
8906
5249
4626
1990
3971
5706
9565
6066
9320
8834
8675
4064
7768
8816
368
4368
493
7456
5084
9325
3233
2827
9926
7499
8201
8800
4722
747
836
9838
1958
5584
9214
5574
3380
922
1872
3866
5507
9804
6138
5963
4184
5536
8010
8045
122
6195
6671
3856
2096
1669
7923
8011
1458
6720
9707
3120
9188
7326
6957
9083
3819
168
8886
2836
3036
9727
5925
4795
6400
4375
841
6833
2993
2599
3811
7919
6838
7488
4611
8396
3859
1842
9634
6946
6603
9269
8413
6502
6427
7904
8068
5799
7761
2008
7292
7055
5823
1336
4225
9980
1618
3771
9745
8712
8044
7791
7246
5139
241
6278
5761
8381
6991
4530
7875
5486
4183
7873
6090
421
2005
5793
7560
67
7647
3825
2778
9203
8148
6746
612
6180
3576
196
3854
6848
6875
9672
4000
4055
1624
9523
2678
5147
5752
2671
3107
7818
7960
1770
9537
6297
5939
6971
7677
5189
5220
2508
1489
1829
1176
2620
7586
2235
7242
6619
2518
638
4114
2735
9339
6338
3366
3760
1405
7070
1385
2809
1493
3629
7978
96
3442
7648
3139
897
2643
8042
6965
1219
5243
6301
8074
1555
1123
2314
5125
7223
2832
9249
9945
4003
1282
9438
6598
1663
8672
4001
2191
5085
6796
6266
4430
4796
3279
8305
5982
8792
9032
9247
7092
1914
1642
4732
7321
994
2329
1841
6962
9794
1899
8759
5255
7948
7183
5604
4662
2032
5479
6715
1438
4569
1598
296
7432
8037
793
945
8841
1648
2706
2823
9435
7727
8638
3211
6475
6843
8503
5543
5731
4020
7836
9182
4169
2896
7872
3236
1963
3936
3150
2921
6309
6117
2110
5352
9365
8780
2535
2525
5658
7109
2944
2301
6760
9809
41
7024
5576
5325
5118
5426
4945
6053
6728
2877
7806
9518
8301
9557
5912
6586
8726
5254
8740
2421
4554
8025
9935
9111
8443
4906
4870
2632
4153
6940
4754
9803
6434
4273
6669
1519
1980
9950
6685
1552
5409
498
6869
8575
8295
2546
9708
6213
4212
3884
126
3063
3295
6518
178
3887
3781
8481
1884
1561
9623
9694
8614
3968
4712
154
2192
1617
2831
2001
6141
4337
7286
489
4482
2991
519
5747
3018
7679
7733
2520
6672
9530
1442
8357
1279
9476
8181
4769
77
9996
513
6568
6343
5516
8753
6902
9512
3807
4868
7141
4585
8512
7438
5209
688
4918
5798
1886
1232
6369
2800
4989
3312
6292
6689
4793
7909
6248
3433
7901
1873
3649
1760
3920
7950
8177
7151
6022
9333
5198
8937
3365
1629
1358
7493
2519
1183
9504
7767
9494
8830
7699
3686
8809
5743
9981
7153
7955
5193
2010
9958
9051
5269
7074
4244
7787
8175
4680
480
733
7583
5679
6562
2332
384
6408
6391
5975
2802
2039
3019
4704
7395
9396
8341
5880
1427
7020
7078
913
2274
9967
9947
5900
1218
3177
1163
9982
4972
4660
2554
8229
9688
4785
9392
8465
9871
8493
9054
483
4400
3573
4702
3098
6730
9924
9433
7149
7363
8117
9679
9289
1497
6531
7554
7545
644
1775
6131
4487
9692
5757
9918
1104
7222
1180
317
6212
6504
5001
4411
2533
4647
6629
6447
2906
6978
1727
5815
5949
2004
8812
7841
1039
2867
2795
6409
1024
5457
9648
1003
4971
6694
9752
5149
4635
5723
1778
3404
7116
5750
9630
5301
1903
4004
5485
149
8699
1991
5973
5890
5087
4010
6374
2955
3613
6094
297
1430
2928
9539
4052
4260
147
8242
1034
9031
4672
2018
877
9091
7766
8967
1331
3421
5509
5721
6595
3749
2666
5304
6226
6587
8188
949
5215
1466
7936
2797
1845
9344
8046
8949
3641
6056
8279
8836
6645
972
2181
4820
4618
5434
8585
8700
4887
4305
1920
7419
4369
7043
2744
2327
9994
7532
6738
8647
2150
6684
9584
5862
6900
9376
9555
2593
6683
8469
2606
8064
7303
5161
9763
1977
138
2254
9505
49
2486
6804
2803
2510
1998
7
9978
7605
8983
2930
4296
230
8394
4478
7051
8387
6960
3476
7796
1878
7241
1035
5541
275
6578
1396
5593
7392
8616
7299
4936
5847
9356
9243
6347
5010
1439
6422
2042
3518
3911
9174
4613
9274
1810
6947
4232
2414
4603
8844
788
5260
8893
107
3048
8214
2463
724
4258
4444
8266
1536
701
6708
7361
1478
7233
1830
3521
9767
5540
2692
9341
5225
1736
8501
4379
619
6385
7403
209
203
5047
7398
3862
4362
2878
5827
894
9932
9793
1921
754
4450
1235
7981
5048
5583
2098
5083
3908
2680
9818
537
4278
3167
1010
4623
8324
8012
2644
8968
7268
8290
2237
9294
5834
2271
8793
4992
2567
1408
1875
6710
2224
6444
1440
1114
6590
313
9785
7447
3662
3606
8648
3056
3876
9304
8069
2623
2094
8523
9221
2578
4135
9099
2717
805
6262
6670
9592
2318
3230
3846
7430
6820
325
7478
3849
1867
1060
9923
3535
9404
6280
7617
254
4726
444
7486
1794
1852
3808
4318
280
5472
319
3131
8563
381
2464
1425
9284
2333
84
2871
428
3212
1927
7384
3824
7847
102
2617
8696
5690
3788
8882
1897
4880
9143
2289
8884
8345
9407
2819
4497
3083
2299
5554
797
1581
2908
4143
6474
4653
9581
4464
4365
993
5695
2461
4393
8073
6859
4072
5117
5686
6303
3170
5816
2113
3419
284
2638
8482
7495
7350
1243
6037
8054
5398
716
8040
3893
4723
3059
1679
6124
2596
8827
6282
4575
1099
8713
2718
7067
8089
3017
5904
876
7749
2095
5289
424
5079
119
6886
916
2493
7379
2279
3499
4663
643
4160
6784
3853
6806
4826
5832
736
5103
109
8291
943
2356
8285
2595
4220
4961
5607
4222
2865
3826
9211
9022
1697
5991
9345
4354
7468
865
709
7235
5
5376
4439
3805
6499
7588
5407
7249
2771
2211
9488
732
4713
3145
1862
2527
8911
4115
1190
2300
4465
2468
4782
4924
4885
6404
7355
7628
3115
3937
4239
4123
5855
9372
8751
7763
2088
5624
8922
4510
4678
6862
4524
1571
9973
4046
6759
1685
7031
4645
9367
1178
4199
9393
4619
5649
273
2022
8053
2723
8928
5332
6776
1273
6259
7996
4842
4173
7311
1516
7080
7843
2011
4958
93
5292
351
8878
3110
9590
3709
9528
2766
4345
7876
2566
4446
7248
1379
5976
5645
1167
5274
1737
7110
2413
2362
3497
6184
1639
9669
2799
8951
9444
6135
599
3964
5905
1699
7225
4021
1169
9866
5438
2720
9538
6480
2697
6364
7201
249
6065
4940
810
4131
6336
551
8136
7227
9549
7510
2349
4452
7741
2263
9799
3113
2916
5552
9172
6045
3281
7095
164
1716
9670
1684
6680
8000
8739
696
4192
5121
3858
1126
8030
7735
7781
3251
330
136
6346
5419
2798
1966
7329
6273
8466
3774
2012
8565
5405
1686
5495
7115
4155
8994
7844
566
1136
3355
1338
3923
7889
7678
5490
8626
7277
8735
7623
3595
231
3959
9202
486
2946
4038
5318
5245
6020
1520
8498
3025
5160
9287
4473
7075
1888
2710
9109
9873
3306
834
9336
640
8715
839
4570
8862
6780
2129
3838
1129
1967
4350
7230
8426
8667
6498
8356
1801
5462
8903
4229
2000
9951
3064
8178
807
9446
2656
5031
7597
4110
694
7853
8782
9405
4853
3912
5071
8627
1824
3345
2132
4651
5559
5297
4111
9212
5849
3227
561
6283
387
3205
5277
5791
522
2684
5783
3038
9485
9644
262
3619
112
495
3394
4952
3701
1330
7670
2458
8791
3516
3645
56
3259
8436
2636
592
1968
5041
1043
8259
4391
5821
2698
1053
5932
7732
682
2851
7833
8333
4991
711
589
1856
68
7959
5018
6167
2677
6560
5986
3072
7577
7819
2358
1664
2194
4860
4800
7127
6754
4269
5769
1236
5968
6622
9138
6270
4144
5609
6881
9315
7001
4355
6570
2876
658
2418
4485
465
4041
9039
6123
5537
7886
5872
8348
8732
3520
5936
5923
9508
9618
7940
1217
593
2568
1706
6384
8445
9424
2092
2912
6442
9939
5377
6025
1881
1197
8221
3973
2667
4677
9747
3084
7747
7200
2160
3066
4705
4761
2822
8327
7063
1665
6028
2583
3677
3339
6121
9566
2794
7334
1101
2506
1837
9701
5421
9359
5627
2107
577
4783
5955
3684
9257
8591
662
3331
4978
1094
5372
6890
7745
7809
1343
7216
3095
1869
9905
3192
8595
4221
6403
5758
556
2515
503
5431
9048
4102
514
7076
3464
1153
6766
2757
4399
1861
8300
5402
6510
9323
9861
3528
4002
661
425
2432
5622
8478
9735
6468
8386
8427
532
3411
1463
256
1186
5331
3122
3190
1786
7838
3396
3090
9720
394
3042
8848
8362
1314
8537
8603
5303
9423
3655
3067
9938
216
4850
7320
7938
7956
6765
3588
8904
3578
7324
3379
1982
2622
2670
8062
1941
7534
5111
8810
20
3550
727
6911
6773
739
8154
7288
9845
9018
2687
6646
3377
9957
2627
1125
1424
5157
7168
1239
1324
3707
4440
8057
9007
7068
2673
3656
8864
9714
5926
6802
7874
6942
2816
3869
9295
812
6551
8035
4669
1853
6763
9519
179
3976
8576
414
3185
7189
4428
3142
3672
9687
3199
240
1532
2838
2234
1133
5523
2177
912
2166
2172
8945
6118
6231
9578
4780
1441
8946
9748
7754
2743
282
5957
9101
8105
2675
9516
7256
970
5471
8141
4825
6593
5443
7711
8676
1971
1479
4528
9484
1202
5163
3062
3524
6432
3280
3369
3356
5970
3570
6165
8486
8918
8388
3381
850
389
2629
7934
5616
2438
9547
8761
6580
5227
4592
4263
3587
7431
462
190
9913
1761
9673
8243
2879
3162
5713
3867
8431
854
9641
5057
2176
5740
2835
8560
7232
2924
6375
183
9169
7620
4091
7460
3297
7971
7251
7136
1083
1087
1628
6630
7106
334
2658
3400
6702
1974
6321
4043
6767
4146
925
9848
9955
7935
6075
4370
8278
2482
8710
3767
6559
4949
8688
8962
376
6457
8066
2845
7448
8321
426
6417
7757
9734
4013
6733
9085
9657
2557
8847
7706
162
7316
6245
9166
118
9891
4341
5812
4498
2275
4208
5617
5211
7177
7989
6676
86
5427
7613
4687
354
4873
6379
6120
5611
506
1793
1549
3536
6567
1453
4614
4142
9830
4474
2221
6197
3448
2759
3392
8988
6611
2285
3875
6575
7318
2858
3073
9728
1610
3229
61
1917
4006
9137
1115
2393
4807
2875
7162
454
8931
3505
5653
6485
6998
1031
4947
8999
5412
88
6731
9843
6735
8055
8883
461
468
1023
5240
7040
4309
695
3385
9246
8958
3815
3276
4150
6571
9661
9965
3529
1662
1764
98
442
1509
4280
6079
449
5185
853
1802
7651
5542
2663
3618
5692
46
101
2574
2693
7878
2143
3621
3253
7621
7582
2597
1635
3892
6896
4591
6345
24
8130
4534
2956
7815
6799
2091
2758
1390
7261
1009
743
5512
5202
5529
3757
7347
9704
8329
9370
9636
4649
2899
7166
3106
7439
1301
6227
2376
9715
9503
151
2111
340
8079
1514
4896
5716
2244
8534
4919
864
6357
2428
2073
1064
6868
6938
5059
6221
3934
3975
2607
9017
1484
511
9968
5017
2503
5966
3555
5667
6484
8286
7611
4525
4300
3202
2151
5420
5930
4012
1084
9288
9933
7065
3654
1353
496
3575
2513
7377
3069
1924
5146
4819
7282
550
6178
3953
8350
2295
4814
9532
4104
4625
7788
5435
5445
5506
5564
2601
2492
8149
4443
8410
5107
1251
9254
9680
7416
3624
1585
3454
5698
5864
7997
9401
6924
7759
1352
9594
3200
8338
5845
6813
3609
8677
512
7879
4481
5764
3562
7105
5582
4503
2978
7071
2890
1448
9124
8096
3666
635
718
2141
8912
2324
417
9318
8835
4701
8693
5494
7048
8281
2135
2776
510
5744
2500
8619
2521
385
2101
2730
8147
2431
3776
9723
3860
5922
7019
5539
9865
6421
9342
4699
6501
2870
9654
1061
9632
3125
9894
6114
4402
4246
796
39
2368
2968
5151
4326
7152
6898
5077
5840
6638
3745
7864
8720
8553
3957
8734
7358
7898
9128
2581
2754
9649
8804
5580
352
7129
9443
7231
8785
3493
8184
2041
2630
5774
7140
7808
9588
2752
326
4915
1615
4859
5557
59
6236
8129
1145
6068
3874
9808
4779
3989
1718
7062
3955
4844
7947
6109
9960
7027
4422
7125
8083
8887
1312
6870
9180
4376
6599
4285
8280
464
7278
4830
5992
2099
66
3183
7482
8600
3607
7266
4426
9449
8687
1950
100
8135
5330
5739
7291
9751
5795
8317
8015
8160
1747
8776
3014
885
9331
8162
1103
6113
5458
2373
6912
5154
2360
6080
5054
69
4009
58
6157
7877
9737
7827
4583
4495
7344
9574
8108
6698
2781
5618
8868
9929
4604
3168
8098
5064
7215
990
3271
8620
5300
691
7454
624
7504
5359
884
5484
4790
5302
4085
437
5461
5977
8052
6631
5022
3030
9373
6758
8367
8337
4595
455
2767
300
5177
5214
8704
9495
3127
2144
4147
4166
7774
120
9371
1568
7274
2840
5589
467
928
5132
7736
259
9860
5802
8669
2184
9094
4667
767
6274
6588
6814
9556
7881
8577
901
6465
3263
3488
1017
1304
3905
581
5972
1735
7775
3103
7542
5164
6664
9427
2847
3966
7056
9570
1908
6513
8618
8407
3739
2941
7579
8485
1522
3269
2246
1015
6981
5188
3579
3980
3546
8520
2455
656
3507
233
7467
1854
2391
2197
3181
6089
5568
1130
6616
2459
277
8334
4566
7910
8452
6512
5181
6668
3508
2049
4694
9389
9250
7805
5273
693
4119
9869
7519
1040
672
6687
4715
4332
236
1955
1397
9921
6831
5678
2805
3840
7857
4303
2183
5835
1821
917
4943
1490
6547
6515
8124
9087
887
5768
8923
521
769
2542
8267
7606
8550
7686
6315
4011
9976
2868
7925
5681
1404
3900
1271
8222
8398
3732
312
4283
3515
8762
4733
1248
8869
7855
3278
6519
7814
8258
5155
4463
804
7990
1940
4923
163
680
52
9497
17
8546
1355
1318
1769
5298
9155
3196
4792
2615
1660
3382
946
5544
9822
2591
243
9003
4094
3569
287
150
3068
4731
4420
8599
735
3561
8660
4746
9697
5073
782
6482
803
2691
9061
403
6534
5632
9876
8929
8444
3671
6810
6254
941
6023
3155
2674
8206
1928
393
6574
6895
7218
3622
806
2287
6358
2319
3302
3717
2121
9024
3327
8067
3863
6261
5182
3307
3663
1994
657
919
3844
5838
8642
2751
4017
4347
1237
8749
357
5558
2891
1208
8496
8645
1029
4152
6507
3410
308
8487
6849
2243
3917
3319
7924
4599
4665
6747
9388
5733
6835
4573
2154
9408
9458
9582
9102
9334
5979
7089
3061
7862
2545
9121
526
9010
128
4209
2547
4457
8692
6325
6203
3439
2425
4901
5805
5044
7066
1373
5683
1333
146
968
9631
8399
4310
1667
7016
3752
9472
1102
1142
1630
3398
170
6883
3786
4181
6047
818
5464
9131
2313
7137
4757
8347
4708
3758
322
2659
5162
8164
6329
74
1290
1586
2834
7452
3839
4644
9067
935
8246
986
4563
4750
8220
3498
3821
5671
3020
6987
7383
6477
6216
5987
704
5131
8302
1027
6340
9738
7894
6613
5153
8957
5575
4396
446
3567
1357
4121
9602
7932
7126
8920
8657
7276
281
6185
9440
6235
6063
405
531
1502
9329
9552
7684
2504
6196
1042
6175
140
9156
1850
80
7004
4068
833
4803
6526
3238
5271
5052
3174
5217
879
678
5190
685
285
5958
2100
8952
4565
1417
3359
721
6232
8409
2603
344
3300
811
3406
9774
3522
9710
6015
610
3637
5327
404
4081
9364
8509
8086
3674
6723
4937
5522
4418
5907
372
6729
790
9153
6027
5628
5415
1283
2564
6411
6332
104
3930
1895
2007
9985
1475
7244
4526
3395
6926
8440
3346
2808
8269
649
9534
7726
1797
3683
2339
3698
5920
7695
8023
7694
8768
7119
758
3906
9228
5736
6489
200
9772
5358
6316
1757
1942
2708
1510
5239
8668
7338
2893
8990
2582
1741
2812
3035
832
6200
5742
7840
4729
5272
3733
1738
9190
2556
4935
197
4648
5311
2634
7402
8714
7365
6106
1762
5688
2922
1707
7050
6260
8890
3855
8850
5806
9858
1345
6555
5999
6693
4031
1361
6532
223
6328
8265
453
1622
2874
7607
3878
9902
6142
3194
7830
7406
8114
8297
2375
6906
2264
3548
487
6705
7831
5784
2037
9986
8118
4191
2089
8343
7801
9307
7518
9713
1187
1118
7386
205
2348
9058
7966
1705
6214
3386
2208
712
7374
294
7314
1773
1451
5210
2328
6140
8719
4784
2920
4549
936
8385
2152
5606
6768
5093
9273
7591
8216
5503
7720
6130
4112
5675
9303
1495
4501
8231
8006
6029
7737
9175
8901
684
6122
2310
9251
7612
5562
6755
7198
5777
5213
6944
8237
8189
8322
999
3111
2649
8596
714
298
4574
290
5997
6973
9782
9971
3591
4216
3021
7298
4504
8304
9766
123
9286
3264
2860
2340
7673
1691
5186
742
6692
9301
8763
1164
1294
7296
9226
6985
4103
4477
4531
8601
1604
7161
7264
2075
7574
8113
292
3424
5039
7028
6186
3126
7255
8794
4323
6007
5782
6008
4548
1170
2217
4955
3322
3393
2653
9842
1672
2280
3299
8733
5715
1543
2406
938
3965
8097
1203
1138
4846
8998
9943
4429
5247
9646
8470
1368
7061
7669
4088
930
2784
6389
7799
141
6643
2294
7394
7240
520
1372
1112
6640
4028
6497
6932
934
7783
9299
5884
4939
1223
7900
6019
2315
5256
5694
9797
6639
2148
5960
4519
2859
4728
1057
9640
3247
6054
8870
611
8187
3639
8480
1308
7891
7717
4475
545
9417
1117
899
3466
1159
9954
8461
4284
4736
5596
5066
8717
4373
8361
7822
6648
6450
2773
5951
5104
642
3608
9583
364
3679
23
7348
4316
9628
8788
5034
3817
3087
9479
1277
6840
7385
8913
4658
4281
2789
2761
4066
744
6202
4894
4044
2029
3041
5830
4703
8854
7969
4377
6455
8489
3134
9272
1726
7284
4287
1912
4099
412
8966
4329
6736
6251
1620
9037
2124
4559
8936
1443
3585
1435
7319
8643
3931
4564
3204
1661
4419
1767
9086
9558
7191
6931
5294
3836
6597
1177
1951
2082
2209
7362
2848
1551
3697
7820
6376
1739
7372
7010
7593
2447
2453
7863
1533
4348
4401
2250
8629
7967
210
9756
9548
6996
3085
4392
3657
7667
5909
7481
5065
8373
5444
320
5284
2509
5519
9675
1014
569
7778
2312
784
7803
5232
3705
9391
383
1574
7589
1116
443
6183
391
3708
2696
8276
1422
8205
4295
4437
4154
1122
4243
7866
8289
516
1503
7381
8566
7888
6405
9052
400
5630
9328
3220
4560
6291
1214
8604
212
1675
416
6803
7483
9077
4230
3625
4383
5119
6908
6492
6888
4717
7770
9863
8820
9872
44
8754
692
648
4543
756
1204
7079
8593
8916
829
8612
8525
8225
621
8535
9867
9824
9705
5122
6051
8908
8077
1731
975
5956
5363
6193
8314
1973
3902
9112
7687
8061
413
5038
3643
7300
5145
5765
5305
8781
2605
5748
8190
6748
7927
9755
7624
4768
679
6479
4821
2053
4080
6845
3341
1758
2451
3759
5226
3954
7883
9337
8764
4022
8475
2532
7313
2719
7702
4078
4161
2387
4700
8671
2850
1910
8960
7435
4743
5310
4714
8165
625
7473
9026
5825
432
5865
7436
5092
7906
6716
5058
1595
7217
9786
9703
6205
3888
6144
2019
6889
7007
989
2180
3816
8954
8861
5513
1923
6933
3274
9889
1240
8766
8551
8825
4298
2228
6310
1934
5521
5127
8846
2676
2494
5842
3348
5235
8080
1992
6395
441
5406
5504
1409
1211
2227
186
2571
386
7252
2647
4210
2777
7522
9239
1471
4107
1209
419
5785
4829
4059
8016
3224
8706
9074
3938
5839
9473
9278
6632
3463
1970
842
6281
645
4855
542
668
5270
5055
9498
9248
4238
4319
1969
8689
2855
5178
6993
7731
9139
9683
3430
1369
2405
7487
8416
5401
3408
9561
8588
2127
2618
908
1376
8964
9238
601
8873
4366
9118
9023
6246
6910
6464
9771
3540
7160
4661
7890
931
745
9394
7446
8092
7660
3945
7530
8248
1846
8340
4594
8167
1811
4897
9219
3603
2347
3941
9041
7258
4408
5943
5432
7135
9198
9486
1162
171
3820
4562
1792
1011
8985
4182
7475
9997
2212
7832
3673
843
6850
1960
7975
6812
6486
4544
2416
2006
634
8049
2056
338
3987
6360
6225
4691
8084
8705
6984
5221
2779
3746
3797
2026
2410
1437
5051
5948
9193
8473
8389
9746
5137
9043
5790
6009
5053
6126
3491
4675
5918
8270
9816
2672
939
222
2728
1606
1449
8132
3664
1051
2516
3583
9462
6155
4132
1784
4762
4436
9222
1216
2297
6085
8199
8250
3715
8033
1945
3635
9455
1668
4331
3375
5935
4304
2025
9011
8976
6785
314
4900
6864
7602
2342
2665
3266
4037
6211
9090
4248
1311
7072
3182
6070
8103
6792
6319
1544
321
6264
4189
2102
169
5075
3978
9835
6650
3873
8500
9132
9127
5928
7401
6788
7186
5700
708
2472
2389
8041
9890
7562
3765
6695
2351
3191
6594
6323
1465
9015
3494
8858
3198
5195
6084
375
3754
4194
2590
5837
771
7208
3956
4162
7528
5496
6939
1789
6880
2530
3052
1350
8119
3242
2829
6062
6269
7375
4040
3763
870
5097
6459
9491
3043
8673
8933
9810
1342
7807
9029
7961
7184
4165
9073
5569
8391
4911
5929
5019
4489
2104
2548
5560
4874
9225
7425
5789
4794
1072
8658
9425
2230
1860
1759
2478
3928
860
7885
7101
3101
2395
2249
9306
4597
5061
9186
6647
4274
1572
6714
1228
2117
4330
9837
533
7494
763
9206
4527
828
2079
8654
8943
1384
4725
9480
1518
3088
1141
3933
2614
427
7418
761
7544
9016
8745
7086
2266
9896
1481
4249
4815
5989
6377
527
10000
2707
8296
9887
5701
2724
8293
4587
3412
8402
1632
2364
4057
6930
3553
8877
5711
3417
1400
9765
7943
174
5091
5396
616
6004
3675
3994
5898
6129
552
3296
9259
6149
3208
8977
3096
2173
3315
2569
4272
204
5603
1229
1749
7351
2083
4223
3171
4546
355
9098
457
8007
2441
1092
3789
1365
29
6370
980
9421
7294
608
1611
316
4344
9263
1366
3829
8372
8213
966
8941
4838
1012
6240
97
9888
8019
4195
9761
5493
5801
9110
9436
4805
3045
2948
8287
4930
515
6150
4069
9540
3446
8326
6955
7538
8508
9656
5285
3939
5387
9084
8142
3265
4637
2837
6257
9753
5737
6491
8230
1644
111
7671
7995
5241
8633
5651
4511
9906
1144
2915
5248
3990
9474
2950
6950
6614
9126
5990
3496
5642
6794
1194
765
8081
8262
2470
4405
6041
5846
6161
2833
7148
628
9850
94
3173
9725
4056
7081
1569
3016
9686
9194
4776
8186
2619
8378
4898
9253
7842
2170
1298
4774
4227
2995
4336
3029
9597
1106
4127
1415
5873
2407
8833
1651
5129
9719
3287
8979
1351
1280
670
9395
323
9542
2897
7756
2484
9033
2652
2611
8491
5281
4018
3592
3413
3132
5329
6102
9234
2739
8823
3484
2981
1143
8371
8708
7021
9179
9787
9527
2857
4470
991
5086
9660
1553
9916
1158
3885
2760
6569
1148
6817
3477
6168
3207
2309
1476
6750
7685
9524
3909
772
8309
3452
8765
5517
5588
430
9327
6293
6040
9651
4684
8428
6188
4895
1752
7551
1426
64
7389
7492
9482
132
9036
2524
5729
5334
4219
9577
8746
9615
2986
8432
7143
7390
9157
4831
5859
6153
8592
7738
1997
6244
135
5244
2864
9897
1825
5357
2286
6879
6893
9114
4979
1621
6425
1952
7618
7625
472
872
6233
1220
3003
7429
8075
6602
7566
3234
7982
8543
1681
9095
2265
9116
2281
7234
5911
671
3847
4905
3944
9622
5135
8856
5465
7445
1250
3948
3160
2452
7868
2573
5952
3958
6380
7414
7871
8888
8099
1780
8582
7973
6298
4612
1154
8384
5353
5831
6914
8885
1513
9617
8036
529
2843
2884
8306
9712
8806
2712
1641
553
6885
8731
4019
214
7098
6934
6642
4561
2214
8555
947
1814
215
6793
6192
3438
8826
6854
1587
2882
5615
1485
7865
2572
4883
1915
3097
2402
2372
4462
9326
9912
8377
6452
2163
8646
7503
2801
2086
5676
5068
960
9851
2820
7962
1506
4533
2507
3128
8511
5360
5392
3468
3681
2765
5388
738
9008
4931
4847
3026
309
3793
7608
9605
19
8769
3682
5343
1938
2028
31
7331
1682
7688
6331
5346
1266
2982
8507
5869
4521
3143
6635
7332
1589
889
8058
7204
8249
8817
6779
4620
5390
3889
523
9599
7167
8786
5342
2926
7484
6909
932
157
7090
6899
1452
3699
1889
5724
2824
8472
1540
7536
2807
6790
2575
7786
6658
7014
5687
1230
3942
5753
9642
9218
3962
9635
18
7399
4042
2892
6535
3864
9302
6001
530
8468
8897
9541
6021
2215
7640
4338
1925
5937
2045
5870
3640
5422
2711
7765
1260
9895
4321
2069
3333
7958
1515
5430
1865
4727
6851
2688
7615
2106
8521
3723
9613
3286
8182
4589
9576
3790
5166
7779
1744
9625
5959
6980
7634
2755
8421
596
7366
557
3947
358
1337
2205
5286
4469
5887
2562
6596
5322
8814
2839
8438
5410
4516
9658
116
5684
3539
1165
3232
4136
9158
3586
9892
8126
5278
2355
632
1900
7870
5702
4125
1362
7352
7661
7104
5246
3660
2033
165
328
3086
5705
8974
4914
7505
5306
2247
3325
7664
268
7437
654
2489
7523
9065
9798
22
7514
5337
2873
4294
8900
3389
3620
9189
4716
923
6386
4082
2047
5980
2787
5754
265
955
8813
3209
6483
4180
2984
8405
5076
9001
8034
1055
773
1191
7944
8571
2187
1655
6922
4539
6775
8564
2437
2964
3301
9141
5287
9600
76
2588
4616
1477
1986
8524
2495
4175
953
2945
7782
6688
1680
302
5730
690
6860
8272
1953
8725
9637
1275
1935
4476
2401
5173
7926
311
4346
1151
4342
5933
5817
1965
7539
4904
3633
6387
7964
7214
7912
4624
3796
4261
6048
7784
4787
4588
3324
8580
7462
9684
5394
7565
2123
1876
9638
9053
7665
1868
5040
3248
1398
6476
713
7548
6201
1231
139
4990
8971
6181
6081
4828
6199
9056
4976
6537
4697
9285
9275
7867
9853
5314
777
269
9813
8236
4240
4973
1978
5142
3469
7122
8723
6268
3533
7453
3631
7476
7573
6919
6449
1022
6772
4833
4398
2133
5895
8273
9925
1804
3313
156
303
85
6856
7977
8467
7704
8607
2918
3850
2810
8393
573
4854
1987
2793
9475
766
1226
5803
1420
1729
9227
4334
9244
5978
3370
5828
3076
2806
3861
3444
8233
2796
8965
1431
257
3764
4054
547
1858
7785
6440
2398
3157
7963
4615
9030
1559
10
133
4315
2202
4214
6046
8935
8283
857
3226
397
6744
6798
2471
4357
7169
2886
5673
1709
8128
9471
3303
6847
6607
1081
5808
6565
8038
3184
7662
1723
6801
3243
5556
7980
951
3214
3151
9759
9624
5726
2325
1049
6830
8024
4775
6038
3597
8194
1459
7753
7179
1174
9750
8403
2942
1898
1268
6544
6207
6916
6623
8516
8842
4851
2120
802
5644
6836
1913
2122
4084
1418
9236
5810
7992
3186
8926
6208
4106
8655
2293
5788
7175
4689
6471
6424
377
620
6344
2683
4455
8995
4461
7309
7207
4690
5072
7610
7410
7780
3005
3644
1976
4502
402
9042
436
2436
1173
1722
3952
272
5881
2903
6918
8261
1407
5454
1820
1263
4770
2947
6797
1597
8411
7088
2317
6961
4493
6665
9013
6921
4751
6782
3445
7038
8298
2476
2901
9210
6014
2306
1332
9035
3201
8183
5150
6132
2396
6460
9170
3294
261
9282
1828
7882
8698
54
3340
5116
5025
751
6189
5224
7194
7463
2353
1582
1299
2880
7743
9363
6035
3748
250
4086
3320
5861
8650
2958
817
7497
5599
6783
2164
1195
7837
667
8254
9450
6995
4445
4683
9607
2512
5006
9142
2145
1930
4808
2953
7013
379
9944
725
8874
3415
888
3460
1246
25
752
9386
6557
726
6992
8376
8549
9078
2146
5619
7466
6224
7789
6935
7464
3148
2077
8624
698
8442
1826
9695
3617
9467
6770
14
4299
2147
4910
5069
1612
1647
3219
7659
2399
563
8401
8843
208
660
4682
5089
5550
663
305
4139
8217
3423
5530
6712
6242
5590
7330
4256
2523
4061
6800
1932
2034
159
1576
4747
1916
5938
5313
4600
6276
2651
5728
1468
5378
4205
4522
1815
1221
6977
4325
6809
6936
7477
774
2983
6420
9292
7270
3845
3919
7404
5829
3775
5429
5901
6986
1073
4975
637
4032
8315
7293
2481
1380
6026
847
9990
2278
258
4981
3474
9717
3354
7899
5820
7343
7064
3270
564
8211
4806
6529
7709
1832
6943
2488
5983
3401
5796
8120
1374
6627
3397
8895
1937
4558
9659
6128
821
9653
1001
3718
1066
2050
9611
4809
2303
1844
6322
9453
2932
8590
3560
2460
5267
6145
1262
353
5473
3890
6601
544
6437
4834
9882
7413
8366
6209
2895
1566
956
5206
7546
2749
2769
5549
7489
5674
2390
1847
9744
5456
4555
686
5428
1939
2811
9827
9177
9019
291
9689
3210
2400
4788
3388
1542
9676
2305
6286
9120
1272
4007
6087
3768
1756
7060
9147
5218
7540
5000
7342
1565
3136
4639
6727
8569
456
1972
5608
9559
1454
9088
1363
3799
3731
7118
1238
6882
4628
4777
7083
1184
3033
4351
3719
2480
2456
7644
6508
1807
6545
2112
5483
8685
5340
4360
5770
4226
8027
9144
9181
7315
5449
7575
106
8018
9983
7772
1891
9511
1247
5348
6682
1391
5853
8344
5934
819
2236
6393
6097
475
3428
3363
4065
7290
1730
2650
8742
2517
2408
7918
6757
5921
2023
9740
5570
235
9100
5466
8783
9374
9470
6263
5296
2608
8653
4929
5547
4621
2963
9108
7370
6060
3918
7193
9057
6158
8621
4178
1128
7771
4095
4128
45
2186
9096
2316
1156
892
7345
3611
6871
3422
9726
3055
125
3031
95
4384
1179
2645
407
9610
2954
3710
2052
207
8703
2308
7121
6709
206
1091
9075
6701
3877
2531
2105
9601
8032
6290
8451
3000
6976
7422
757
1746
247
2686
8695
9580
2553
1461
1526
9283
3750
5399
3267
808
6540
8743
4696
5565
4308
434
3166
1715
6077
8292
2610
3374
6696
8227
6198
2341
5598
499
1367
9940
7093
8490
5345
8774
3605
3117
4500
5205
2057
5459
9893
6652
8831
6218
8155
2213
3881
1411
3986
5336
4339
2450
9451
173
1590
6660
7725
1498
1765
1004
161
7087
3566
8583
501
9173
6239
2704
2621
3552
3503
3472
1893
2076
9281
4676
3358
3459
3721
4488
2114
6791
8925
7243
666
8379
9927
7905
7550
9422
6238
6012
8634
2570
8204
6667
5356
365
5192
4577
8050
9235
3886
6
8008
1340
1067
4035
8134
2817
4758
8578
37
9418
3094
6061
3437
1483
9805
264
5697
9988
4171
8462
2345
5354
4005
8202
1983
5638
9490
2283
6171
2888
7325
8477
7760
6110
26
2203
8538
5344
2695
8423
1698
3650
8716
748
9662
2311
4335
4532
5335
8458
862
2971
9678
6010
8797
7911
7012
8260
1075
5919
9621
248
6306
3571
9506
5159
9722
5533
6913
5749
3779
7581
7263
3254
1521
5720
3530
891
7986
8924
590
8028
2063
7555
6215
2282
6033
8239
5502
4514
5492
6164
7102
8087
781
8353
1048
7653
633
582
304
3706
374
279
9604
4985
6739
3316
9885
339
2904
5511
2021
1687
2087
3100
5677
8244
3293
3337
4871
5152
1833
8215
4372
5309
1596
3378
8158
8818
1859
8494
555
3982
2540
6461
1406
8921
3736
6169
2988
5386
6324
2383
3590
7525
2960
2412
27
5719
3180
4029
1244
6488
4322
7210
